Master
65
458796
9874
103
120
852
37
398
1
12
0
162
360
91
2 897568 100
8 1 100
8 1 100
7 1 50
4 1 20
5 1 20
6 1 20
4 1 20
4 1 20
5 1 20
6 1 20
4 1 20
8 1 50
8 1 50
7 1 50
7 1 50
7 1 50
7 1 50
7 1 50
5 1 20
6 1 20
4 1 20
5 1 20
6 1 20
4 1 30
5 1 20
6 1 20
4 1 20
8 1 100
8 1 100
7 1 50
4 1 20
5 1 20
6 1 20
4 1 20
4 1 20
5 1 20
6 1 20
4 1 20
8 1 50
8 1 50
7 1 50
7 1 50
7 1 50
7 1 50
7 1 50
5 1 20
6 1 20
4 1 20
5 1 20
6 1 20
4 1 20
5 1 20
6 1 10
4 1 20
8 1 100
8 1 100
7 1 50
4 1 20
5 1 20
6 1 20
4 1 20
4 1 20
5 1 20
6 1 20
4 1 20
8 1 50
8 1 50
7 1 50
7 1 50
7 1 50
7 1 50
7 1 50
5 1 20
6 1 20
4 1 20
5 1 20
6 1 20
4 1 20
5 1 20
6 1 20
4 1 20
4 1 100
5 1 100
6 1 100
11 1 30
11 1 30
12 1 80
13 1 80
13 1 80
13 1 20
1
40 62 15 20
0
1800000